{
  "accessors": [
    {
      "bufferView": 0,
      "byteOffset": 0,
      "componentType": 5126,
      "count": 256,
      "max": [
        1.3083209991455078,
        62.791709899902344,
        4.777394771575928
      ],
      "min": [
        -1.279831051826477,
        61.14056396484375,
        2.0489161014556885
      ],
      "type": "VEC3"
    },
    {
      "bufferView": 0,
      "byteOffset": 3072,
      "componentType": 5126,
      "count": 256,
      "max": [
        0.9992370009422302,
        0.9995530247688293,
        0.999983012676239
      ],
      "min": [
        -0.9994819760322571,
        -0.9999210238456726,
        -0.6538410186767578
      ],
      "type": "VEC3"
    },
    {
      "bufferView": 0,
      "byteOffset": 6144,
      "componentType": 5126,
      "count": 256,
      "max": [
        0.9995009899139404,
        1.9536960124969482
      ],
      "min": [
        0.0005000000237487257,
        1.0439289808273315
      ],
      "type": "VEC2"
    },
    {
      "bufferView": 0,
      "byteOffset": 8192,
      "componentType": 5123,
      "count": 256,
      "max": [
        0,
        0,
        0,
        0
      ],
      "min": [
        0,
        0,
        0,
        0
      ],
      "type": "VEC4"
    },
    {
      "bufferView": 0,
      "byteOffset": 10240,
      "componentType": 5126,
      "count": 256,
      "max": [
        1,
        0,
        0,
        0
      ],
      "min": [
        1,
        0,
        0,
        0
      ],
      "type": "VEC4"
    },
    {
      "bufferView": 2,
      "byteOffset": 0,
      "componentType": 5123,
      "count": 579,
      "max": [
        255
      ],
      "min": [
        0
      ],
      "type": "SCALAR"
    },
    {
      "bufferView": 1,
      "byteOffset": 0,
      "componentType": 5126,
      "count": 1,
      "max": [
        5.419477294230833e-7,
        0.0000028844948566539705,
        -0.9999999999956932,
        0,
        0.9851092583329815,
        0.171929488877225,
        0.0000010298074521651532,
        0,
        0.17192948887945508,
        -0.9851092583292966,
        -0.000002748365792785807,
        0,
        -62.01663494359104,
        -11.653735826075469,
        -0.000060484129297772425,
        1
      ],
      "min": [
        5.419477294230833e-7,
        0.0000028844948566539705,
        -0.9999999999956932,
        0,
        0.9851092583329815,
        0.171929488877225,
        0.0000010298074521651532,
        0,
        0.17192948887945508,
        -0.9851092583292966,
        -0.000002748365792785807,
        0,
        -62.01663494359104,
        -11.653735826075469,
        -0.000060484129297772425,
        1
      ],
      "type": "MAT4"
    },
    {
      "bufferView": 0,
      "byteOffset": 14336,
      "componentType": 5126,
      "count": 17,
      "max": [
        1.6703619956970215,
        65.17186737060547,
        4.175407886505127
      ],
      "min": [
        0.7312989830970764,
        64.74700164794922,
        3.8430519104003906
      ],
      "type": "VEC3"
    },
    {
      "bufferView": 0,
      "byteOffset": 14540,
      "componentType": 5126,
      "count": 17,
      "max": [
        0.7133849859237671,
        0.3889699876308441,
        0.9941310286521912
      ],
      "min": [
        -0.4069739878177643,
        -0.42816001176834106,
        0.6494089961051941
      ],
      "type": "VEC3"
    },
    {
      "bufferView": 0,
      "byteOffset": 14744,
      "componentType": 5126,
      "count": 17,
      "max": [
        0.8550959825515747,
        1.754715919494629
      ],
      "min": [
        0.11625699698925018,
        1.2275789976119995
      ],
      "type": "VEC2"
    },
    {
      "bufferView": 0,
      "byteOffset": 14880,
      "componentType": 5123,
      "count": 17,
      "max": [
        0,
        0,
        0,
        0
      ],
      "min": [
        0,
        0,
        0,
        0
      ],
      "type": "VEC4"
    },
    {
      "bufferView": 0,
      "byteOffset": 15016,
      "componentType": 5126,
      "count": 17,
      "max": [
        1,
        0,
        0,
        0
      ],
      "min": [
        1,
        0,
        0,
        0
      ],
      "type": "VEC4"
    },
    {
      "bufferView": 2,
      "byteOffset": 1158,
      "componentType": 5123,
      "count": 45,
      "max": [
        16
      ],
      "min": [
        0
      ],
      "type": "SCALAR"
    },
    {
      "bufferView": 1,
      "byteOffset": 64,
      "componentType": 5126,
      "count": 1,
      "max": [
        5.419477294230833e-7,
        0.0000028844948566539705,
        -0.9999999999956932,
        0,
        0.9851092583329815,
        0.171929488877225,
        0.0000010298074521651532,
        0,
        0.17192948887945508,
        -0.9851092583292966,
        -0.000002748365792785807,
        0,
        -62.01663494359104,
        -11.653735826075469,
        -0.000060484129297772425,
        1
      ],
      "min": [
        5.419477294230833e-7,
        0.0000028844948566539705,
        -0.9999999999956932,
        0,
        0.9851092583329815,
        0.171929488877225,
        0.0000010298074521651532,
        0,
        0.17192948887945508,
        -0.9851092583292966,
        -0.000002748365792785807,
        0,
        -62.01663494359104,
        -11.653735826075469,
        -0.000060484129297772425,
        1
      ],
      "type": "MAT4"
    },
    {
      "bufferView": 0,
      "byteOffset": 15288,
      "componentType": 5126,
      "count": 1862,
      "max": [
        21.4454345703125,
        61.25553512573242,
        7.243813991546631
      ],
      "min": [
        -21.445411682128906,
        -0.09623199701309204,
        -5.483633995056152
      ],
      "type": "VEC3"
    },
    {
      "bufferView": 0,
      "byteOffset": 37632,
      "componentType": 5126,
      "count": 1862,
      "max": [
        0.9998679757118225,
        0.999584972858429,
        0.9999809861183167
      ],
      "min": [
        -0.9998679757118225,
        -0.9998959898948669,
        -0.9999970197677612
      ],
      "type": "VEC3"
    },
    {
      "bufferView": 0,
      "byteOffset": 59976,
      "componentType": 5126,
      "count": 1862,
      "max": [
        0.9982200264930725,
        1.9903180599212646
      ],
      "min": [
        0.00457700015977025,
        1.0084630250930786
      ],
      "type": "VEC2"
    },
    {
      "bufferView": 0,
      "byteOffset": 74872,
      "componentType": 5123,
      "count": 1862,
      "max": [
        51,
        0,
        0,
        0
      ],
      "min": [
        0,
        0,
        0,
        0
      ],
      "type": "VEC4"
    },
    {
      "bufferView": 0,
      "byteOffset": 89768,
      "componentType": 5126,
      "count": 1862,
      "max": [
        1,
        0,
        0,
        0
      ],
      "min": [
        1,
        0,
        0,
        0
      ],
      "type": "VEC4"
    },
    {
      "bufferView": 2,
      "byteOffset": 1248,
      "componentType": 5123,
      "count": 8262,
      "max": [
        1861
      ],
      "min": [
        0
      ],
      "type": "SCALAR"
    },
    {
      "bufferView": 1,
      "byteOffset": 128,
      "componentType": 5126,
      "count": 52,
      "max": [
        1,
        0.9992970943633236,
        0.9999999999998992,
        0,
        0.9996086692356155,
        1,
        0.5415956781583791,
        0,
        0.9986295335297417,
        0.9996086692356155,
        1,
        0,
        45.09010909669182,
        25.715792119850345,
        36.142304200681124,
        1
      ],
      "min": [
        -0.9721271942784284,
        -0.9994357474309387,
        -0.9999999999956932,
        0,
        -0.9995514198526622,
        -0.9999959558384394,
        -0.541597805067548,
        0,
        -0.13367894517392362,
        -0.9994220785772887,
        -0.9999017433250569,
        0,
        -57.39441866647082,
        -57.609192732597236,
        -36.142226582069405,
        1
      ],
      "type": "MAT4"
    },
    {
      "bufferView": 0,
      "byteOffset": 119560,
      "componentType": 5126,
      "count": 17,
      "max": [
        -0.7961779832839966,
        65.17186737060547,
        4.1742048263549805
      ],
      "min": [
        -1.7495299577713013,
        64.72157287597656,
        3.8430519104003906
      ],
      "type": "VEC3"
    },
    {
      "bufferView": 0,
      "byteOffset": 119764,
      "componentType": 5126,
      "count": 17,
      "max": [
        0.3491419851779938,
        0.3952549993991852,
        0.9938369989395142
      ],
      "min": [
        -0.6990600228309631,
        -0.5622860193252563,
        0.6992220282554626
      ],
      "type": "VEC3"
    },
    {
      "bufferView": 0,
      "byteOffset": 119968,
      "componentType": 5126,
      "count": 17,
      "max": [
        0.8750410079956055,
        1.7621469497680664
      ],
      "min": [
        0.12495899945497513,
        1.2034610509872437
      ],
      "type": "VEC2"
    },
    {
      "bufferView": 0,
      "byteOffset": 120104,
      "componentType": 5123,
      "count": 17,
      "max": [
        0,
        0,
        0,
        0
      ],
      "min": [
        0,
        0,
        0,
        0
      ],
      "type": "VEC4"
    },
    {
      "bufferView": 0,
      "byteOffset": 120240,
      "componentType": 5126,
      "count": 17,
      "max": [
        1,
        0,
        0,
        0
      ],
      "min": [
        1,
        0,
        0,
        0
      ],
      "type": "VEC4"
    },
    {
      "bufferView": 2,
      "byteOffset": 17772,
      "componentType": 5123,
      "count": 45,
      "max": [
        16
      ],
      "min": [
        0
      ],
      "type": "SCALAR"
    },
    {
      "bufferView": 1,
      "byteOffset": 3456,
      "componentType": 5126,
      "count": 1,
      "max": [
        5.419477294230833e-7,
        0.0000028844948566539705,
        -0.9999999999956932,
        0,
        0.9851092583329815,
        0.171929488877225,
        0.0000010298074521651532,
        0,
        0.17192948887945508,
        -0.9851092583292966,
        -0.000002748365792785807,
        0,
        -62.01663494359104,
        -11.653735826075469,
        -0.000060484129297772425,
        1
      ],
      "min": [
        5.419477294230833e-7,
        0.0000028844948566539705,
        -0.9999999999956932,
        0,
        0.9851092583329815,
        0.171929488877225,
        0.0000010298074521651532,
        0,
        0.17192948887945508,
        -0.9851092583292966,
        -0.000002748365792785807,
        0,
        -62.01663494359104,
        -11.653735826075469,
        -0.000060484129297772425,
        1
      ],
      "type": "MAT4"
    },
    {
      "bufferView": 0,
      "byteOffset": 120512,
      "componentType": 5126,
      "count": 784,
      "max": [
        3.5208020210266113,
        69.54753112792969,
        5.459719181060791
      ],
      "min": [
        -3.4038898944854736,
        58.11398696899414,
        -4.738811016082764
      ],
      "type": "VEC3"
    },
    {
      "bufferView": 0,
      "byteOffset": 129920,
      "componentType": 5126,
      "count": 784,
      "max": [
        0.9945949912071228,
        0.9995530247688293,
        0.9957950115203857
      ],
      "min": [
        -0.9982730150222778,
        -0.9999210238456726,
        -0.9981210231781006
      ],
      "type": "VEC3"
    },
    {
      "bufferView": 0,
      "byteOffset": 139328,
      "componentType": 5126,
      "count": 784,
      "max": [
        0.9985799789428711,
        1.9960110187530518
      ],
      "min": [
        0.0016080000204965472,
        1.0060850381851196
      ],
      "type": "VEC2"
    },
    {
      "bufferView": 0,
      "byteOffset": 145600,
      "componentType": 5123,
      "count": 784,
      "max": [
        4,
        0,
        0,
        0
      ],
      "min": [
        0,
        0,
        0,
        0
      ],
      "type": "VEC4"
    },
    {
      "bufferView": 0,
      "byteOffset": 151872,
      "componentType": 5126,
      "count": 784,
      "max": [
        1,
        0,
        0,
        0
      ],
      "min": [
        1,
        0,
        0,
        0
      ],
      "type": "VEC4"
    },
    {
      "bufferView": 2,
      "byteOffset": 17862,
      "componentType": 5123,
      "count": 4323,
      "max": [
        783
      ],
      "min": [
        0
      ],
      "type": "SCALAR"
    },
    {
      "bufferView": 1,
      "byteOffset": 3520,
      "componentType": 5126,
      "count": 5,
      "max": [
        0.9721263199852463,
        0.2339228117913286,
        0.9999999999998989,
        0,
        0.9982869651889299,
        0.9719064299765703,
        0.11697045866097068,
        0,
        0.27891874899148206,
        0.9982869651889267,
        0.9930092525676998,
        0,
        12.816734454335382,
        5.168111850949569,
        1.965269202869161,
        1
      ],
      "min": [
        -0.9721271942784284,
        -0.23218239256591996,
        -0.9999999999956932,
        0,
        -0.230545435769955,
        -0.058507564756814366,
        -0.04741827908705322,
        0,
        0.042652315735303606,
        -0.9851092583292966,
        -0.9983443554614344,
        0,
        -62.01663494359104,
        -57.609192732597236,
        -6.090108035028261,
        1
      ],
      "type": "MAT4"
    }
  ],
  "asset": {
    "generator": "ClayGL - fbx2gltf",
    "version": "2.0"
  },
  "bufferViews": [
    {
      "buffer": 0,
      "byteLength": 164416,
      "byteOffset": 0,
      "target": 34962
    },
    {
      "buffer": 0,
      "byteLength": 3840,
      "byteOffset": 164416,
      "target": 34962
    },
    {
      "buffer": 0,
      "byteLength": 26508,
      "byteOffset": 168256,
      "target": 34963
    }
  ],
  "buffers": [
    {
      "byteLength": 194764,
      "uri": "female_01.bin"
    }
  ],
  "materials": [
    {
      "name": "fmouth.bmp",
      "emissiveFactor": [
        0,
        0,
        0
      ],
      "alphaMode": "OPAQUE",
      "pbrMetallicRoughness": {
        "baseColorFactor": [
          0.8,
          0.8,
          0.8,
          1
        ],
        "metallicFactor": 0,
        "roughnessFactor": 1
      }
    },
    {
      "name": "eyeball_l.bmp",
      "emissiveFactor": [
        0,
        0,
        0
      ],
      "alphaMode": "OPAQUE",
      "pbrMetallicRoughness": {
        "baseColorFactor": [
          0.8,
          0.8,
          0.8,
          1
        ],
        "metallicFactor": 0,
        "roughnessFactor": 1
      }
    },
    {
      "name": "eyeball_r.bmp",
      "emissiveFactor": [
        0,
        0,
        0
      ],
      "alphaMode": "OPAQUE",
      "pbrMetallicRoughness": {
        "baseColorFactor": [
          0.8,
          0.8,
          0.8,
          1
        ],
        "metallicFactor": 0,
        "roughnessFactor": 1
      }
    },
    {
      "name": "joey_facemap.bmp",
      "emissiveFactor": [
        0,
        0,
        0
      ],
      "alphaMode": "OPAQUE",
      "pbrMetallicRoughness": {
        "baseColorFactor": [
          0.8,
          0.8,
          0.8,
          1
        ],
        "metallicFactor": 0,
        "roughnessFactor": 1
      }
    },
    {
      "name": "citizen_sheet.bmp",
      "emissiveFactor": [
        0,
        0,
        0
      ],
      "alphaMode": "OPAQUE",
      "pbrMetallicRoughness": {
        "baseColorFactor": [
          0.8,
          0.8,
          0.8,
          1
        ],
        "metallicFactor": 0,
        "roughnessFactor": 1
      }
    }
  ],
  "meshes": [
    {
      "name": "fmouth.bmp",
      "primitives": [
        {
          "attributes": {
            "JOINTS_0": 3,
            "NORMAL": 1,
            "POSITION": 0,
            "TEXCOORD_0": 2,
            "WEIGHTS_0": 4
          },
          "indices": 5,
          "material": 0
        }
      ]
    },
    {
      "name": "eyeball_l.bmp",
      "primitives": [
        {
          "attributes": {
            "JOINTS_0": 10,
            "NORMAL": 8,
            "POSITION": 7,
            "TEXCOORD_0": 9,
            "WEIGHTS_0": 11
          },
          "indices": 12,
          "material": 1
        }
      ]
    },
    {
      "name": "citizen_sheet.bmp",
      "primitives": [
        {
          "attributes": {
            "JOINTS_0": 17,
            "NORMAL": 15,
            "POSITION": 14,
            "TEXCOORD_0": 16,
            "WEIGHTS_0": 18
          },
          "indices": 19,
          "material": 4
        }
      ]
    },
    {
      "name": "eyeball_r.bmp",
      "primitives": [
        {
          "attributes": {
            "JOINTS_0": 24,
            "NORMAL": 22,
            "POSITION": 21,
            "TEXCOORD_0": 23,
            "WEIGHTS_0": 25
          },
          "indices": 26,
          "material": 2
        }
      ]
    },
    {
      "name": "joey_facemap.bmp",
      "primitives": [
        {
          "attributes": {
            "JOINTS_0": 31,
            "NORMAL": 29,
            "POSITION": 28,
            "TEXCOORD_0": 30,
            "WEIGHTS_0": 32
          },
          "indices": 33,
          "material": 3
        }
      ]
    }
  ],
  "nodes": [
    {
      "children": [
        1,
        64,
        68
      ],
      "matrix": [
        1,
        0,
        0,
        0,
        0,
        1,
        0,
        0,
        0,
        0,
        1,
        0,
        -0.000004999999873689376,
        37.91378402709961,
        0.7884719371795654,
        1
      ],
      "name": "ValveBiped.Bip01_Pelvis"
    },
    {
      "children": [
        2
      ],
      "matrix": [
        3.137936334749484e-7,
        0.9996086692356152,
        0.02797335140636221,
        0,
        -3.226977746199979e-7,
        -0.027973351406260907,
        0.9996086692356152,
        0,
        0.9999999999998986,
        -3.2269777461999786e-7,
        3.1379363347494837e-7,
        0,
        0.000004999999873689376,
        4.2127838134765625,
        -1.689857006072998,
        1
      ],
      "name": "ValveBiped.Bip01_Spine"
    },
    {
      "children": [
        3
      ],
      "matrix": [
        0.9936657421430506,
        -0.11237612242509726,
        1.522012327097571e-22,
        0,
        0.11237612242509726,
        0.9936657421430506,
        -1.0587911840678754e-22,
        0,
        -8.271806125530277e-24,
        0,
        1,
        0,
        3.8374080657958984,
        0,
        0,
        1
      ],
      "name": "ValveBiped.Bip01_Spine1"
    },
    {
      "children": [
        4,
        60,
        61,
        62,
        63
      ],
      "matrix": [
        0.999920179448777,
        -0.012634663870722707,
        7.279189390466644e-23,
        0,
        0.01263466387072272,
        0.999920179448777,
        -5.293955920339377e-23,
        0,
        9.926167350636332e-23,
        -5.293955920339377e-23,
        1,
        0,
        3.617871046066284,
        4.440892098500626e-16,
        -3.3881317890172014e-21,
        1
      ],
      "name": "ValveBiped.Bip01_Spine2"
    },
    {
      "children": [
        5,
        8,
        34
      ],
      "matrix": [
        0.9878856942309502,
        0.1551832952795946,
        5.293955920339377e-23,
        0,
        -0.15518329527959454,
        0.9878856942309501,
        0,
        0,
        4.632211430296955e-23,
        0,
        1,
        0,
        7.5397820472717285,
        0,
        -1.6940658945086007e-21,
        1
      ],
      "name": "ValveBiped.Bip01_Spine4"
    },
    {
      "children": [
        6
      ],
      "matrix": [
        0.974988508636932,
        0.22225527671110892,
        -2.6469779601696886e-23,
        0,
        0.22225527671039466,
        -0.9749885086337986,
        0.000002535181590110748,
        0,
        5.634574858229733e-7,
        -0.0000024717729176658828,
        -0.9999999999967866,
        0,
        3.1782948970794678,
        0,
        -1.6940658945086007e-21,
        1
      ],
      "name": "ValveBiped.Bip01_Neck1"
    },
    {
      "children": [
        7
      ],
      "matrix": [
        0.9939692641575874,
        0.109659025666034,
        -5.293955920339377e-23,
        0,
        -0.10965902566603397,
        0.9939692641575877,
        -8.470329472543003e-22,
        0,
        0,
        4.235164736271502e-22,
        1,
        0,
        2.970273017883301,
        0,
        0,
        1
      ],
      "name": "ValveBiped.Bip01_Head1"
    },
    {
      "matrix": [
        0.2419221296768761,
        -0.9702956679139638,
        -8.470329472543003e-22,
        0,
        3.0459179932136347e-7,
        7.59433430557879e-8,
        -0.9999999999999509,
        0,
        0.9702956679139162,
        0.24192212967686422,
        3.139164786504765e-7,
        0,
        9.999999974752427e-7,
        1.7763568394002505e-15,
        -6.776263578034403e-21,
        1
      ],
      "name": "ValveBiped.forward"
    },
    {
      "children": [
        9,
        33
      ],
      "matrix": [
        -0.2276547249699764,
        0.05606757996788231,
        0.9721264077656723,
        0,
        0.9579114194718622,
        -0.16639108319602988,
        0.233922465527052,
        0,
        0.1748686325338178,
        0.9844645417227568,
        -0.01582805883093764,
        0,
        2.0237069129943848,
        0.9074599742889404,
        0.8525789976119995,
        1
      ],
      "name": "ValveBiped.Bip01_L_Clavicle"
    },
    {
      "children": [
        10,
        30,
        31,
        32
      ],
      "matrix": [
        0.7081382705982353,
        -0.6645062028275712,
        -0.23868744440758344,
        0,
        -0.13855894238844887,
        0.20069284604093662,
        -0.9698060636190019,
        0,
        0.6923450073470127,
        0.7198290685653587,
        0.05004500824251445,
        0,
        4.9836668968200675,
        -9.999999974752427e-7,
        8.881784197001252e-16,
        1
      ],
      "name": "ValveBiped.Bip01_L_UpperArm"
    },
    {
      "children": [
        11,
        28,
        29
      ],
      "matrix": [
        0.9793563392638346,
        -0.20214143747322183,
        8.199083053052575e-17,
        0,
        0.20214143747322183,
        0.9793563392638347,
        3.1965170544805176e-18,
        0,
        1.0448034937351547e-16,
        -1.0757186081231606e-17,
        0.9999999999999998,
        0,
        11.123056411743157,
        0,
        -0.000003000000106112566,
        1
      ],
      "name": "ValveBiped.Bip01_L_Forearm"
    },
    {
      "children": [
        12,
        13,
        16,
        19,
        22,
        25
      ],
      "matrix": [
        0.9985965289289221,
        0.03626798247153404,
        0.03859541240293779,
        0,
        -0.04085886576734403,
        0.06389284644092091,
        0.9971199813773081,
        0,
        0.033697559248623624,
        -0.9972975171036583,
        0.06528504330674909,
        0,
        11.208307266235341,
        -9.99999997253198e-7,
        -9.999999974752427e-7,
        1
      ],
      "name": "ValveBiped.Bip01_L_Hand"
    },
    {
      "matrix": [
        -6.397578377254944e-7,
        0.9999999999997948,
        0,
        0,
        6.39757837754551e-7,
        4.0926984024025614e-13,
        0.9999999999997952,
        0,
        0.9999999999995907,
        6.397578377337343e-7,
        -6.397578377614899e-7,
        0,
        2.676090002059926,
        -1.7124450206756592,
        0,
        1
      ],
      "name": "ValveBiped.Anim_Attachment_LH"
    },
    {
      "children": [
        14
      ],
      "matrix": [
        0.9318613365594004,
        0.009713142427918063,
        -0.362684579614164,
        0,
        -0.08646807934184506,
        0.9767827911087255,
        -0.19600676072212336,
        0,
        0.35236021438388926,
        0.21401176102733777,
        0.9110659940209146,
        0,
        3.5492470264434743,
        0.1988220065832138,
        -1.4894700050354004,
        1
      ],
      "name": "ValveBiped.Bip01_L_Finger4"
    },
    {
      "children": [
        15
      ],
      "matrix": [
        0.9291125238831944,
        -0.3567593580891064,
        -0.09732768557429794,
        0,
        0.3580383357296625,
        0.9336956041668886,
        -0.004590087947105803,
        0,
        0.09251198901404112,
        -0.030582334366060254,
        0.9952418061523483,
        0,
        1.2190010547637922,
        9.999999903698154e-7,
        0,
        1
      ],
      "name": "ValveBiped.Bip01_L_Finger41"
    },
    {
      "matrix": [
        0.9813695834027807,
        -0.1713698507554842,
        -0.0868683775829599,
        0,
        0.1729814502646053,
        0.9848600191993218,
        0.011320797103805236,
        0,
        0.08361314870405562,
        -0.02613650387398242,
        0.9961554720670055,
        0,
        0.6800010204315114,
        0,
        8.881784197001252e-16,
        1
      ],
      "name": "ValveBiped.Bip01_L_Finger42"
    },
    {
      "children": [
        17
      ],
      "matrix": [
        0.9587635679754659,
        -0.12071315748883399,
        -0.25729507249854294,
        0,
        0.10372031420165644,
        0.991489979231628,
        -0.07867475773826324,
        0,
        0.2646025645092355,
        0.04874376567665578,
        0.9631248767230521,
        0,
        3.698010921478268,
        0.26755499839782715,
        -0.7289789915084834,
        1
      ],
      "name": "ValveBiped.Bip01_L_Finger3"
    },
    {
      "children": [
        18
      ],
      "matrix": [
        0.9816130311062238,
        -0.18894960143975517,
        -0.027090686189350566,
        0,
        0.1890246371914389,
        0.981972322012665,
        0.00021292181520737863,
        0,
        0.026562072530151637,
        -0.005329813956623519,
        0.9996329573328859,
        0,
        1.7490040063858032,
        -0.0000020000000020559128,
        1.3322676295501878e-15,
        1
      ],
      "name": "ValveBiped.Bip01_L_Finger31"
    },
    {
      "matrix": [
        0.9710884846311625,
        -0.2354473202984437,
        -0.03939180601388051,
        0,
        0.23571857685440045,
        0.9718185814746951,
        0.0023231931145754614,
        0,
        0.03773469944877317,
        -0.011541406534455206,
        0.9992211408855988,
        0,
        0.9600009918212962,
        -9.999999974752427e-7,
        0,
        1
      ],
      "name": "ValveBiped.Bip01_L_Finger32"
    },
    {
      "children": [
        20
      ],
      "matrix": [
        0.999592378363609,
        -0.003434613014857578,
        -0.02834220441006248,
        0,
        0.005913718823402662,
        0.9961156193553465,
        0.08785613698536827,
        0,
        0.027930360668300153,
        -0.08798793275075983,
        0.9957298924121873,
        0,
        3.768505096435536,
        0.15254700183868408,
        0.07138399779796623,
        1
      ],
      "name": "ValveBiped.Bip01_L_Finger2"
    },
    {
      "children": [
        21
      ],
      "matrix": [
        0.8389231777889145,
        -0.5442323400314774,
        0.0043659858465313044,
        0,
        0.5442313579700376,
        0.8389338095770871,
        0.001513984994958282,
        0,
        -0.004486732735368839,
        0.0011059893030405561,
        0.9999893229515118,
        0,
        2.038002967834469,
        0.00000100000000458067,
        0,
        1
      ],
      "name": "ValveBiped.Bip01_L_Finger21"
    },
    {
      "matrix": [
        0.995088086282803,
        -0.0988308114662429,
        0.005671969935740536,
        0,
        0.09883935169137463,
        0.9951026241462583,
        -0.0012449797020175277,
        0,
        -0.0055211498129246975,
        0.0017994783004031262,
        0.9999831392491522,
        0,
        1.0670000314712453,
        -3.552713678800501e-15,
        -2.220446049250313e-16,
        1
      ],
      "name": "ValveBiped.Bip01_L_Finger22"
    },
    {
      "children": [
        23
      ],
      "matrix": [
        0.9748152442139294,
        0.061172753938420865,
        0.21446009844193817,
        0,
        -0.11997769413426221,
        0.9544757621908185,
        0.27309590311918064,
        0,
        -0.18799093743678658,
        -0.2919484775878184,
        0.9377768891776939,
        0,
        3.7839269638061452,
        -0.01726000010966544,
        0.7945550084114075,
        1
      ],
      "name": "ValveBiped.Bip01_L_Finger1"
    },
    {
      "children": [
        24
      ],
      "matrix": [
        0.8901414639379879,
        -0.45078834659716893,
        0.0666186216498672,
        0,
        0.4505927967795574,
        0.8925318707784302,
        0.018788058311943412,
        0,
        -0.06792868075204855,
        0.013293841316467242,
        0.9976016079148728,
        0,
        1.6290019750595093,
        -0.0000019999999949504854,
        -8.881784197001252e-16,
        1
      ],
      "name": "ValveBiped.Bip01_L_Finger11"
    },
    {
      "matrix": [
        0.983185607048657,
        -0.1687988585027529,
        0.06966353034789263,
        0,
        0.16920994642873938,
        0.9855800292363802,
        -5.551115123125783e-17,
        0,
        -0.06865898427698552,
        0.01178776223820388,
        0.9975705451442863,
        0,
        0.9559990167617833,
        0.0000010000000010279564,
        -8.881784197001252e-16,
        1
      ],
      "name": "ValveBiped.Bip01_L_Finger12"
    },
    {
      "children": [
        26
      ],
      "matrix": [
        0.6845019276158485,
        -0.5251340545848112,
        0.505659308038034,
        0,
        0.5546321065367209,
        -0.07502190096266448,
        -0.8287067881793821,
        0,
        0.47311767826707446,
        0.8477062811441615,
        0.2399035710861942,
        0,
        1.2589650154113663,
        -0.2979840040206909,
        1.2525919675827022,
        1
      ],
      "name": "ValveBiped.Bip01_L_Finger0"
    },
    {
      "children": [
        27
      ],
      "matrix": [
        0.9990481036198273,
        -0.04357510852583901,
        -0.0020239986630006396,
        0,
        0.04357519778036717,
        0.9990501499616535,
        2.7755575615628914e-17,
        0,
        0.0020220761677929577,
        -0.00008819614204749748,
        0.9999979517126085,
        0,
        1.3930039405822718,
        9.99999993922529e-7,
        -3.552713678800501e-15,
        1
      ],
      "name": "ValveBiped.Bip01_L_Finger01"
    },
    {
      "matrix": [
        0.9590671115457476,
        -0.28287437993552383,
        -0.013128622448268484,
        0,
        0.2828987613043046,
        0.9591497749843292,
        0,
        0,
        0.01259231526711091,
        -0.003714071028247029,
        0.9999138159224579,
        0,
        1.1000020503997838,
        -9.99999993922529e-7,
        3.552713678800501e-15,
        1
      ],
      "name": "ValveBiped.Bip01_L_Finger02"
    },
    {
      "matrix": [
        1,
        1.3877787807814457e-17,
        8.199083714797065e-17,
        0,
        0,
        0.9995233742523818,
        -0.030871092030136715,
        0,
        -1.4181364416110398e-16,
        0.030871092030136712,
        0.9995233742523818,
        0,
        5.604152202606198,
        -2.220446049250313e-16,
        0.00000100000000458067,
        1
      ],
      "name": "ValveBiped.Bip01_L_Ulna"
    },
    {
      "matrix": [
        1,
        1.3877787807814457e-17,
        8.199083714797065e-17,
        0,
        0,
        0.9983448584546935,
        -0.057511247570176616,
        0,
        -1.734723475976807e-18,
        0.05751124757017662,
        0.9983448584546936,
        0,
        11.20830154418945,
        -9.999999974752427e-7,
        -9.999999903698154e-7,
        1
      ],
      "name": "ValveBiped.Bip01_L_Wrist"
    },
    {
      "matrix": [
        0.9999999999999998,
        -5.551115123125783e-17,
        1.6392435398821382e-16,
        0,
        5.551115123125783e-17,
        0.9999999999999999,
        -9.356881800742637e-18,
        0,
        1.0448034937351547e-16,
        -1.0757186081231606e-17,
        0.9999999999999998,
        0,
        5.560001850128167,
        -0.7000010013580313,
        -0.5000020265579224,
        1
      ],
      "name": "ValveBiped.Bip01_L_Bicep"
    },
    {
      "matrix": [
        0.9999999999999998,
        -5.551115123125783e-17,
        1.6392435398821382e-16,
        0,
        5.551115123125783e-17,
        0.9999999999999999,
        -9.356881800742637e-18,
        0,
        1.0448034937351547e-16,
        -1.0757186081231606e-17,
        0.9999999999999998,
        0,
        1.499999999999993,
        -8.881784197001252e-16,
        -0.00000100000000458067,
        1
      ],
      "name": "ValveBiped.Bip01_L_Shoulder"
    },
    {
      "matrix": [
        0.994996075831717,
        -0.09991400842466314,
        1.6127885337261815e-16,
        0,
        0.09991400842466319,
        0.9949960758317171,
        -2.4967090213708553e-18,
        0,
        1.0448034937351547e-16,
        -1.0757186081231606e-17,
        0.9999999999999998,
        0,
        11.123056411743157,
        0,
        -0.000003000000106112566,
        1
      ],
      "name": "ValveBiped.Bip01_L_Elbow"
    },
    {
      "matrix": [
        1,
        -3.2959746043559335e-17,
        -1.3877787807814457e-17,
        0,
        2.5153490401663703e-17,
        1,
        2.7755575615628914e-17,
        0,
        -6.938893903907228e-18,
        0,
        0.9999999999999999,
        0,
        4.271699905395506,
        0.000001999999987845058,
        0,
        1
      ],
      "name": "ValveBiped.Bip01_L_Trapezius"
    },
    {
      "children": [
        35,
        59
      ],
      "matrix": [
        -0.22765135042402485,
        0.05606916675489101,
        -0.9721271064986976,
        0,
        0.9679836127605738,
        -0.09538821073054907,
        -0.23218271830739767,
        0,
        -0.10574775684195806,
        -0.9938598179788921,
        -0.03255877961253349,
        0,
        2.023710012435913,
        0.9074620008468628,
        -0.8525279760360718,
        1
      ],
      "name": "ValveBiped.Bip01_R_Clavicle"
    },
    {
      "children": [
        36,
        56,
        57,
        58
      ],
      "matrix": [
        0.7081392266879875,
        -0.6799105073361318,
        0.19042199883328226,
        0,
        -0.13854875822564736,
        0.13064312456737545,
        0.981700878881854,
        0,
        -0.6923460675268328,
        -0.7215636326875107,
        -0.0016872352927472974,
        0,
        4.983664989471435,
        -9.999999974752427e-7,
        0,
        1
      ],
      "name": "ValveBiped.Bip01_R_UpperArm"
    },
    {
      "children": [
        37,
        54,
        55
      ],
      "matrix": [
        0.9793636159645868,
        -0.20210617933345992,
        -2.0632645275084967e-16,
        0,
        0.2021061793334599,
        0.979363615964587,
        -6.669537426680361e-18,
        0,
        5.5028818907355706e-17,
        9.882545153852736e-18,
        0.9999999999999998,
        0,
        11.123055458068855,
        9.999999974752427e-7,
        0.000006000000212225132,
        1
      ],
      "name": "ValveBiped.Bip01_R_Forearm"
    },
    {
      "children": [
        38,
        39,
        42,
        45,
        48,
        51
      ],
      "matrix": [
        0.9985968760299433,
        0.03626799507788042,
        -0.038586418805962544,
        0,
        -0.04113305072800211,
        0.07231394601437476,
        -0.9965333739266526,
        0,
        -0.03335193129409299,
        0.9967222911848922,
        0.073704293864694,
        0,
        11.208298683166497,
        0,
        0.000004999999880794803,
        1
      ],
      "name": "ValveBiped.Bip01_R_Hand"
    },
    {
      "matrix": [
        0.0000012675907950232546,
        -0.9999999999991965,
        -1.3877787807814457e-17,
        0,
        3.1391647865169903e-7,
        3.978900542378483e-13,
        -0.9999999999999506,
        0,
        0.9999999999991473,
        0.0000012675907948823083,
        3.1391647864476013e-7,
        0,
        2.676091909408573,
        -1.7124450206756592,
        4.440892098500626e-16,
        1
      ],
      "name": "ValveBiped.Anim_Attachment_RH"
    },
    {
      "children": [
        40
      ],
      "matrix": [
        0.9318613462744119,
        0.009712210342515307,
        0.36268457961416417,
        0,
        -0.08646710232414788,
        0.9767828775971071,
        0.19600676072212347,
        0,
        -0.35236042844693205,
        -0.21401140858229298,
        0.9110659940209145,
        0,
        3.5492739677429235,
        0.21140800416469574,
        1.4876710176467896,
        1
      ],
      "name": "ValveBiped.Bip01_R_Finger4"
    },
    {
      "children": [
        41
      ],
      "matrix": [
        0.9291125238831941,
        -0.3567593580891064,
        0.09732768557429794,
        0,
        0.3580383357296624,
        0.9336956041668889,
        0.004590087947105859,
        0,
        -0.09251198901404101,
        0.030582334366060282,
        0.9952418061523485,
        0,
        1.2190020084381068,
        -0.00000100000000458067,
        9.999999952547967e-7,
        1
      ],
      "name": "ValveBiped.Bip01_R_Finger41"
    },
    {
      "matrix": [
        0.9813695834027804,
        -0.1713698507554843,
        0.08686837758295982,
        0,
        0.17298145026460526,
        0.9848600191993215,
        -0.01132079710380518,
        0,
        -0.0836131487040555,
        0.026136503873982198,
        0.9961554720670053,
        0,
        0.6799989938735926,
        -9.99999993922529e-7,
        1.3322676295501878e-15,
        1
      ],
      "name": "ValveBiped.Bip01_R_Finger42"
    },
    {
      "children": [
        43
      ],
      "matrix": [
        0.9587635679754655,
        -0.1207131574888339,
        0.2572950724985429,
        0,
        0.10372031420165648,
        0.9914899792316282,
        0.07867475773826324,
        0,
        -0.2646025645092355,
        -0.048743765676655795,
        0.9631248767230524,
        0,
        3.6980240345001256,
        0.27371299266814475,
        0.726624011993408,
        1
      ],
      "name": "ValveBiped.Bip01_R_Finger3"
    },
    {
      "children": [
        44
      ],
      "matrix": [
        0.9816130311062236,
        -0.1889496014397551,
        0.027090686189350538,
        0,
        0.18902463719143897,
        0.9819723220126653,
        -0.00021292181520737863,
        0,
        -0.026562072530151692,
        0.005329813956623464,
        0.9996329573328859,
        0,
        1.7490010261535573,
        -9.999999903698154e-7,
        4.440892098500626e-16,
        1
      ],
      "name": "ValveBiped.Bip01_R_Finger31"
    },
    {
      "matrix": [
        0.9710884846311623,
        -0.23544732029844384,
        0.03939180601388048,
        0,
        0.23571857685440048,
        0.9718185814746952,
        -0.0023231931145754614,
        0,
        -0.03773469944877306,
        0.011541406534455234,
        0.9992211408855987,
        0,
        0.9599999785423279,
        0,
        0,
        1
      ],
      "name": "ValveBiped.Bip01_R_Finger32"
    },
    {
      "children": [
        46
      ],
      "matrix": [
        0.99959237492847,
        -0.0034356126148458056,
        0.028342204410062473,
        0,
        0.0059147149466039425,
        0.9961156134410846,
        -0.08785613698536823,
        0,
        -0.02793027267968346,
        0.08798796068128917,
        0.9957298924121876,
        0,
        3.7685019969940186,
